AI_NPC_POLICY_CHECKPOINT 2
policyId=persistent_learning_fsm
algorithmId=incremental_action_value
trainingStepCount=11274
episodeCount=0
totalReward=856090.812
policyUpdateCount=179
lastMeanReturn=2689.73926
lastMeanAdvantage=0.801354527
lastPolicyLoss=0.00607259572
lastValueLoss=48.9297752
lastEntropy=1.5515312
lastTotalLoss=24.4554405
lastClipFraction=0
lastKlDivergence=0.00269225193
lastExplainedVariance=-5.46467733
lastGradientNorm=17.9842091
lastParameterUpdateNorm=0.0143873543
lastMaxParameterUpdate=0.00843300764
lastReturn=2695.63086
lastAdvantage=1.11764717
lastPpoEpoch=4
lastPpoMinibatch=4
learnedPolicyEnabled=0
networkInputSize=8
networkHiddenSize=16
networkOutputSize=5
networkParameters=1.07084394 0.791303873 0.479785949 0.779309034 0.58380425 0.107018203 2.34787941 0.0919589847 -1.27910042 -0.740745664 -0.377170682 -0.717894733 -0.561267734 0.0946466029 -2.40036726 0.0928531066 -1.18558466 -0.803588033 -0.603398561 -0.777411103 -0.733324826 -0.174596459 -2.37223792 0.0538231842 0.991567194 0.926261246 0.667065442 0.818890631 0.648723245 -0.138223797 2.21042967 0.073099561 -1.31158805 -0.73601234 -0.429361552 -0.717365563 -0.568772376 -0.0628345683 -2.34687567 -0.164386541 1.20913506 0.649249017 0.382159233 0.840133131 0.524545372 0.0432391502 2.34964848 0.0901674777 0.990789115 0.708284974 0.591149509 0.862606645 0.617913187 0.134659573 2.33431029 -0.0458272099 -1.15308857 -0.892987728 -0.525545716 -0.818219304 -0.812755406 -0.0455648191 -2.25844741 0.0795475841 -1.25531173 -0.679041207 -0.496174663 -0.959966958 -0.563655615 -0.181115478 -2.18485951 -0.109241962 1.07651496 0.840646267 0.468825758 0.959705055 0.67262882 0.117892511 2.28521609 -0.0442844704 -1.25540507 -0.704664111 -0.39751935 -0.910170496 -0.781780481 0.0447127521 -2.17151737 -0.17061606 -1.19452763 -0.725072384 -0.433331788 -0.732024491 -0.704786897 -0.194278628 -2.38716865 -0.0902221799 -1.03417563 -0.675466001 -0.489003927 -1.02864408 -0.521985054 -0.100430354 -2.29257774 -0.105022512 -1.26259303 -0.806636095 -0.396406591 -0.838615775 -0.574866652 0.0879441872 -2.27758574 0.0705660358 1.22730291 0.830122054 0.538478494 0.968837917 0.516194165 -0.0913036764 2.17041612 -0.00109689555 1.15479839 0.744379461 0.453252226 0.893175185 0.818980277 -0.0734470412 2.19810247 0.109346338 2.76288939 -2.74597812 -2.70280218 2.79669642 -2.76240587 2.76202297 2.77730656 -2.73865342 -2.78308034 2.69950342 -2.81896186 -2.75597477 -2.73441243 -2.74784517 2.75588346 2.8129189 0.208848476 -0.23157309 -0.013677978 0.0681456849 -0.212451413 0.166606992 0.118135594 -0.182263747 -0.1652724 0.0410022736 -0.126698837 -0.0134372571 -0.165711388 -0.207985848 0.0125039788 0.0504114032 0.0551473759 -0.216708273 -0.0099912947 0.228641808 -0.0668494403 0.137665063 0.0137371868 -0.235199854 -0.0105821202 0.174192473 -0.224643916 -0.233476043 -0.14574042 -0.0397344716 0.0286706649 0.165030897 0.087406598 -0.259744555 -0.0768914446 0.0402778499 -0.0934727788 0.109397322 0.160010219 -0.0395498276 -0.145869136 0.192711651 -0.124747291 -0.0941768959 -0.222333714 -0.0816470981 0.0185261089 0.148464963 0.0406690873 -0.149106175 -0.0126506835 0.0202217847 -0.128656954 0.0239870604 -0.0308874417 -0.0679598898 -0.0475185327 0.201443136 -0.170685858 -0.0160952173 -0.0169037618 -0.0822484568 0.114663288 0.0941514969 0.0735019296 -0.226119667 -0.0557732135 0.100729093 -0.115150735 0.131067917 0.125371531 -0.181190655 -0.0256749503 0.251522094 -0.222745448 -0.254656911 -0.0924269557 -0.174636096 0.161258832 0.0286118817 0.111608431 0.111174621 0.140132159 0.0928198099 0.138220683 159.01889 -159.18634 -159.766739 156.673294 -159.354568 158.347549 158.631866 -157.099854 -158.763748 157.693222 -157.232635 -159.31221 -158.336777 -159.224731 158.78833 156.6633 161.029205 
action.0=3 75.865448 11217
action.1=4 91.1945343 50
action.2=2 78.0185013 7
