AI_NPC_POLICY_CHECKPOINT 2
policyId=persistent_learning_fsm
algorithmId=incremental_action_value
trainingStepCount=5919
episodeCount=0
totalReward=448269.188
policyUpdateCount=12
lastMeanReturn=1897.45105
lastMeanAdvantage=0.84055227
lastPolicyLoss=0.00698277913
lastValueLoss=455.113983
lastEntropy=1.59043932
learnedPolicyEnabled=0
networkInputSize=8
networkHiddenSize=16
networkOutputSize=5
networkParameters=0.993383944 0.687526226 0.46053496 0.665519953 0.588107824 0.0906244442 2.13853645 0.0871542245 -1.20661044 -0.626552224 -0.365663081 -0.592811465 -0.570875585 0.111561827 -2.19745111 0.0975707397 -1.10400963 -0.690905571 -0.579298556 -0.65406096 -0.726709843 -0.157283798 -2.13036394 0.0593639016 0.902770758 0.826007307 0.635725021 0.708848298 0.636229753 -0.155023873 1.95616543 0.0674064383 -1.24022794 -0.621703923 -0.418498635 -0.591659307 -0.575576365 -0.0460199565 -2.13841796 -0.159584731 1.13639009 0.54040885 0.372300535 0.718954325 0.537273943 0.026503168 2.15465713 0.085659869 0.910126388 0.601475418 0.568244338 0.745699346 0.61721921 0.118227534 2.11480856 -0.0508431904 -1.06440258 -0.788126349 -0.494808674 -0.702106118 -0.802542448 -0.0281200912 -2.00345063 0.0853106976 -1.17898583 -0.579881012 -0.482845277 -0.846029341 -0.566080332 -0.1642185 -1.96312022 -0.10426195 0.98861289 0.746812284 0.442162335 0.853435576 0.670515001 0.100591965 2.04962301 -0.0496191271 -1.17294204 -0.599618673 -0.375121266 -0.79153347 -0.780073643 0.0617734306 -1.93871832 -0.165374964 -1.1182183 -0.609421611 -0.41489321 -0.605999529 -0.708684683 -0.177576229 -2.17563105 -0.0853245184 -0.953226626 -0.581490278 -0.470854789 -0.921582043 -0.528422236 -0.0836563334 -2.08223057 -0.100239828 -1.18596506 -0.707633674 -0.381404877 -0.726564229 -0.579754591 0.104958929 -2.06023765 0.0755110979 1.14540815 0.739069164 0.51954484 0.863307357 0.512370706 -0.108501188 1.93002093 -0.00646002684 1.06831038 0.638328791 0.425208092 0.775022984 0.813452125 -0.0904941037 1.95762622 0.103924081 2.47320318 -2.46186018 -2.36891222 2.45319271 -2.47316074 2.49038124 2.47479868 -2.39124727 -2.48278379 2.37769413 -2.50305939 -2.46097231 -2.44577646 -2.44978547 2.43233347 2.48607183 0.103849836 -0.126573026 0.0913210064 -0.0368514918 -0.107452467 0.0616063103 0.0131366868 -0.077265203 -0.0602734946 -0.0639964044 -0.0217005908 0.0915625021 -0.0607111417 -0.102987021 -0.0924935341 -0.0545868091 -0.0491808541 -0.112379812 0.0943367928 0.124314338 0.0374789685 0.0333360024 -0.0905908942 -0.130871668 0.093745321 0.0698644668 -0.120316006 -0.129146859 -0.0414117686 0.0645932555 -0.0756559223 0.0607026629 -0.040871907 -0.131465301 0.051387012 -0.08799918 0.03480592 -0.0188822001 0.0317322984 0.0887279361 -0.0175914541 0.0644339249 0.00353092328 0.0341021195 -0.0940548182 0.0466310903 -0.109751105 0.0201873295 -0.0471694693 -0.0612709746 0.0751892626 -0.0676246732 -0.0408191681 -0.0638474971 -0.118726656 0.0198828336 0.0403234549 0.113603152 -0.0828435645 0.0717414692 0.0709330291 0.00559128262 0.026817929 0.00630967133 -0.0562799275 -0.0963373482 0.0740088448 -0.0290507618 0.0146319028 0.0012843929 -0.00441064499 -0.051410269 0.104105935 0.121740595 -0.0929652974 -0.124875166 0.0373551846 -0.0448545516 0.0314785987 -0.101169072 0.00661890814 0.00685546594 0.0118619204 0.00492882356 0.00844972953 111.171249 -111.338737 -111.919037 108.825951 -111.506912 110.499901 110.784286 -109.252586 -110.916298 109.84581 -109.385254 -111.464607 -110.489204 -111.377182 110.940926 108.81591 113.180244 
action.0=3 75.663269 5888
action.1=4 91.2531967 26
action.2=2 78.2613983 5
