AI_NPC_POLICY_CHECKPOINT 2
policyId=persistent_learning_fsm
algorithmId=incremental_action_value
trainingStepCount=13926
episodeCount=0
totalReward=1055284.38
policyUpdateCount=261
lastMeanReturn=2381.98267
lastMeanAdvantage=0.825822651
lastPolicyLoss=0.00548338145
lastValueLoss=571.526611
lastEntropy=1.53742576
lastTotalLoss=285.753357
lastClipFraction=0
lastKlDivergence=0.00709371176
lastExplainedVariance=-8.63354492
lastGradientNorm=62.5664101
lastParameterUpdateNorm=0.050053101
lastMaxParameterUpdate=0.0232343748
lastReturn=2419.7749
lastAdvantage=2.54502892
lastPpoEpoch=4
lastPpoMinibatch=4
learnedPolicyEnabled=0
networkInputSize=8
networkHiddenSize=16
networkOutputSize=5
networkParameters=1.01327085 0.740839422 0.403622925 0.73538518 0.525662243 0.112050846 2.29455328 0.0905758366 -1.22232604 -0.690059662 -0.299452394 -0.6743415 -0.501987159 0.089680396 -2.34446788 0.0943064243 -1.14617229 -0.769673288 -0.547700465 -0.748856544 -0.690447211 -0.180260047 -2.35639095 0.0542948022 0.949446797 0.890646219 0.610051036 0.787758708 0.604595423 -0.132350385 2.19485331 0.0726473331 -1.25883698 -0.68866533 -0.356401443 -0.676606894 -0.512459695 -0.0679882839 -2.29907155 -0.163136214 1.14254355 0.589736104 0.292570531 0.789880395 0.457395315 0.0480763502 2.2760222 0.0882760212 0.938812792 0.663252413 0.522206306 0.823957801 0.56491369 0.139811575 2.29210353 -0.0469367579 -1.11351287 -0.859463096 -0.46871841 -0.79093194 -0.770231783 -0.051492516 -2.24648905 0.0799295977 -1.19973361 -0.628894866 -0.417936891 -0.919407189 -0.505367041 -0.186898544 -2.1394186 -0.108040221 1.02137637 0.792424977 0.392731667 0.920733571 0.617247701 0.123659857 2.24510002 -0.0453632884 -1.20891833 -0.664220572 -0.329569578 -0.878847539 -0.731893778 0.0390113965 -2.14217043 -0.169803426 -1.14510417 -0.681942821 -0.365319937 -0.695481062 -0.65269804 -0.199259132 -2.34518433 -0.0891112313 -0.964992225 -0.61423409 -0.397249073 -0.978066385 -0.454620242 -0.105701134 -2.2227459 -0.10322012 -1.20541835 -0.755514205 -0.316759676 -0.796204031 -0.515806854 0.0823710114 -2.2288084 0.0718503296 1.17551768 0.783611 0.465102941 0.931170225 0.461931825 -0.0850614309 2.13853025 -0.0019654287 1.11132455 0.707310319 0.390540034 0.863999367 0.772553146 -0.0677834824 2.1752038 0.108694769 2.67762399 -2.65676761 -2.67259336 2.76724887 -2.68536711 2.64624715 2.7084918 -2.71366978 -2.708601 2.63230753 -2.76810694 -2.68737531 -2.62359262 -2.66844845 2.70121765 2.77174783 0.264576048 -0.28730163 -0.06940604 0.12387348 -0.268179476 0.222334668 0.173862651 -0.237991259 -0.220999673 0.0967303589 -0.182426751 -0.0691653788 -0.221439093 -0.2637133 0.0682315156 0.106139436 0.110838816 -0.272400111 -0.0656830072 0.284333348 -0.122540735 0.193356842 0.0694288462 -0.290890723 -0.0662739426 0.22988382 -0.280336201 -0.289167166 -0.201431587 -0.0954258367 0.0843618959 0.22072278 0.139131874 -0.311469465 -0.128616497 0.0920025632 -0.145198032 0.161122426 0.211735249 -0.0912750438 -0.197594196 0.244436905 -0.176472649 -0.145902365 -0.274058521 -0.133372381 0.0702506229 0.200190365 0.0968046933 -0.205241352 -0.0687863454 0.0763583705 -0.18479237 0.0801218301 0.0252481885 -0.124095261 -0.10365402 0.257576883 -0.226819843 -0.0722303912 -0.0730384216 -0.138383552 0.170798883 0.150285915 0.134796441 -0.287415445 -0.117067389 0.162023634 -0.176445469 0.192363709 0.186666936 -0.242485985 -0.0869694948 0.312817723 -0.284041703 -0.315952212 -0.153721675 -0.235931873 0.222554103 0.0899067298 0.167336956 0.166866675 0.191857159 0.148960724 0.199515089 141.704376 -141.871857 -142.452042 139.358612 -142.040024 141.033173 141.317337 -139.785065 -141.449173 140.378616 -139.918045 -141.997681 -141.022308 -141.910202 141.473633 139.348694 143.714355 
action.0=3 75.705574 13853
action.1=4 91.0877228 64
action.2=2 77.8835602 9
